# flags:
#    0 = wavelength has not been assigned to this detection
#    1 = user has assigned wavelength to this detection
#    2 = detection has been automatically assigned
#    3 = automatically assigned wavelength was rejected
|              pixel | wavelength | flag |
| 4.6922340606285236 |  3924.0224 |    3 |
| 7.5707045844426535 |  3924.0224 |    3 |
|  38.39183723123492 |  3933.7405 |    3 |
|  42.98904393456407 |  3933.7405 |    3 |
| 57.896851428015424 |  3933.7405 |    3 |
|  81.42218204753254 |  3933.7405 |    3 |
| 100.19149971737917 |   4006.374 |    3 |
|  129.6100011715533 |   4006.374 |    3 |
|  149.2410890307833 |   4006.374 |    3 |
| 165.47082754503998 |   4006.374 |    3 |
| 197.86120484497008 |  4046.9551 |    3 |
|  202.5487068960392 |  4046.9551 |    3 |
| 224.69784944822334 |  4046.9551 |    1 |
| 238.24817169743477 |  4054.0654 |    3 |
| 258.10185086847633 |  4064.7415 |    3 |
| 273.69352506520096 |  4073.1541 |    1 |
|  282.5348459091902 |  4073.1541 |    3 |
|  289.5084765769377 |  4073.1541 |    3 |
| 333.01908096307386 |  4073.1541 |    3 |
| 384.64467800006116 |  4132.8886 |    1 |
|   406.849940402644 |  4145.0364 |    3 |
| 434.25985612354674 |   4159.762 |    1 |
| 444.51049906451317 |   4159.762 |    3 |
|  477.2516787360536 |  4188.9753 |    3 |
|  487.7858876545306 |  4188.9753 |    3 |
| 493.77597083131326 |  4188.9753 |    3 |
|  509.3004542667571 |   4201.072 |    3 |
| 511.29720161758496 |   4201.072 |    1 |
|  540.7174738929325 |  4217.3711 |    3 |
|  552.1248497383293 |  4217.3711 |    3 |
|  561.8058981380349 |  4233.9179 |    3 |
|  578.6965852763545 |  4237.1295 |    3 |
|  603.9772351504598 |  4261.6733 |    3 |
|   620.250531997943 |  4261.6733 |    1 |
|   632.593191903053 |  4261.6733 |    3 |
|  642.8137654367819 |  4278.7316 |    3 |
|  653.0444609460275 |  4278.7316 |    1 |
|  662.1787727835087 |  4278.7316 |    3 |
|  694.2846464301099 |  4301.8591 |    1 |
|  709.0852548921716 |  4309.1137 |    1 |
|  721.7542467327092 |  4316.2979 |    3 |
|  741.2501669216213 |   4326.978 |    1 |
|  753.8156293058631 |   4334.779 |    3 |
|  755.0461433152707 |   4334.779 |    3 |
|  777.4186804329347 |  4349.2858 |    3 |
|  781.8301105095094 |  4349.2858 |    1 |
|   788.514614312431 |  4349.2858 |    3 |
|  807.7298617869449 |  4377.1594 |    3 |
|  818.1207140366645 |  4377.1594 |    3 |
|  823.4585646072776 |  4377.1594 |    3 |
|  832.6662905781837 |  4377.1594 |    1 |
|   839.320373563795 |  4384.7763 |    3 |
|  846.7019389164536 |  4384.7763 |    1 |
|  877.9515582387321 |  4402.2222 |    3 |
|  885.1266130613333 |  4405.9873 |    1 |
|  903.9821100512362 |  4416.3621 |    3 |
|   924.580767746659 |  4428.5527 |    1 |
|   931.150309382847 |  4435.0269 |    3 |
|  937.0791548414131 |  4435.0269 |    3 |
|  948.3860967979956 |  4435.0269 |    3 |
|  965.2735623262597 |  4462.9047 |    3 |
|  988.4370220445184 |  4462.9047 |    3 |
| 1012.4475083459993 |  4462.9047 |    3 |
| 1025.2293502528619 |  4462.9047 |    3 |
| 1040.8995905180896 |   4511.998 |    3 |
| 1063.3324307636701 |   4511.998 |    3 |
| 1077.5291814696584 |   4511.998 |    1 |
| 1098.4722184753036 |   4511.998 |    3 |
| 1113.0781963011511 |  4546.3258 |    3 |
| 1139.6728119999373 |  4546.3258 |    1 |
|  1174.175102994282 |  4585.1137 |    3 |
|  1201.747077181013 |  4585.1137 |    3 |
| 1220.8493873115158 |  4591.1837 |    1 |
| 1233.1455027316076 |  4591.1837 |    3 |
| 1236.6918941485162 |  4591.1837 |    3 |
| 1256.4210923692604 |  4610.8582 |    1 |
| 1290.5103488838074 |  4610.8582 |    3 |
| 1306.4495305706423 |   4659.205 |    3 |
| 1343.7951168583108 |   4659.205 |    1 |
|  1424.174004228829 |  4728.1904 |    3 |
| 1468.4048358762736 |  4728.1904 |    1 |
|  1477.672303405039 |  4728.1904 |    3 |
| 1484.7561865250714 |  4728.1904 |    3 |
| 1537.0866291429234 |  4766.1968 |    1 |
| 1611.5042815109773 |  4807.3635 |    1 |
| 1687.1080692577582 |  4849.1639 |    1 |
|  1720.102681611326 |  4881.2263 |    3 |
| 1730.1368403198146 |  4881.2263 |    3 |
| 1745.1278194681215 |  4881.2263 |    1 |
| 1762.1462788005576 |  4881.2263 |    3 |
| 1764.1716356626166 |  4881.2263 |    3 |
| 1790.0851719337174 |  4914.6668 |    3 |
| 1818.5573735723597 |  4921.8765 |    3 |
|  1841.813996557989 |  4925.2962 |    3 |
| 1885.9650147371115 |    4958.98 |    1 |
| 1899.6599511901811 |  4966.4649 |    1 |
| 1912.5316263308341 |  4966.4649 |    3 |
|  1974.164117699891 |   5005.584 |    3 |
| 1980.0463082988388 |   5005.584 |    3 |
| 1994.3201190020618 |  5019.8351 |    1 |
| 2038.7601029449122 |  5043.1616 |    3 |
| 2075.9939054787856 |  5063.4483 |    1 |
|  2128.010381579683 |  5090.6314 |    3 |
| 2164.3273541534268 |  5111.8369 |    3 |
| 2192.4714075158518 |  5125.1473 |    3 |
|   2221.72639338418 |  5140.8944 |    3 |
| 2227.8352009422024 |  5145.7847 |    2 |
|  2259.460278613626 |  5167.7209 |    3 |
|  2268.866093045442 |  5168.9274 |    1 |
|  2274.239882409254 |  5170.4679 |    3 |
| 2306.1366263213276 |   5189.191 |    3 |
| 2313.8930605100213 |  5192.9003 |    3 |
|  2318.657385189351 |   5196.388 |    3 |
|  2358.697838100178 |   5217.726 |    2 |
| 2367.8244781255426 |   5217.726 |    3 |
|  2378.617150219917 |  5228.6443 |    2 |
|  2389.251567315567 |  5234.3968 |    3 |
| 2457.1155402006198 |  5271.8227 |    1 |
| 2557.7291969502876 |  5325.6598 |    3 |
| 2564.9464916532993 |  5334.3828 |    1 |
| 2588.6000706644704 |  5342.5093 |    3 |
|  2645.345157433282 |   5372.983 |    3 |
|  2693.216041082425 |  5398.6281 |    1 |
|  2709.183164461004 |  5407.2778 |    1 |
| 2753.8585477655693 |   5436.034 |    3 |
|  2786.110041043775 |    5455.15 |    3 |
| 2802.3693822947325 |  5457.1254 |    3 |
